# Created by Octave 4.2.2, Tue May 29 15:53:52 2018 CEST <scrime@scrime-MacPro>
# name: AA
# type: matrix
# rows: 33
# columns: 3
 0 0 0
 0.343615 0 0
 0.645057 0 0
 0.657484 0 0
 0.696327 0 0
 0.525286 0 0
 0.358256 0 0
 0.501045 0 0
 0.419617 0 0
 0.534566 0 0
 0.378849 0 0
 0.137984 0 0
 0.699608 0.278191 0.478033
 0.108697 0.404727 0.531617
 0.513262 0.402521 0.553465
 0.487463 0.576879 0.772238
 0.402129 0.14885 0.582496
 0.798615 0.44602 0.683162
 0.440287 0.309194 0.4707
 0.282696 0.280971 0.421213
 0.35312 0.331247 0.55636
 0.555166 0.932563 0.611993
 0.300184 0.192425 0.685539
 0.412581 0.133336 0.534332
 0.261524 0.445882 0.662593
 0.578272 0.291985 0.4362
 0.21401 0.332508 0.604589
 0.551831 0.647993 0.67413
 0.560233 0.529305 0.645683
 0.267056 0.489003 0.691017
 0.744306 0.528891 0.68128
 0.875021 0.35926 0.555034
 0.378767 0.223943 0.476541


# name: B
# type: matrix
# ndims: 3
 1 3 33
 0
 0
 0
 0.343615
 0
 0
 0.645057
 0
 0
 0.657484
 0
 0
 0.696327
 0
 0
 0.525286
 0
 0
 0.358256
 0
 0
 0.501045
 0
 0
 0.419617
 0
 0
 0.534566
 0
 0
 0.378849
 0
 0
 0.137984
 0
 0
 0.699608
 0.278191
 0.478033
 0.108697
 0.404727
 0.531617
 0.513262
 0.402521
 0.553465
 0.487463
 0.576879
 0.772238
 0.402129
 0.14885
 0.582496
 0.798615
 0.44602
 0.683162
 0.440287
 0.309194
 0.4707
 0.282696
 0.280971
 0.421213
 0.35312
 0.331247
 0.55636
 0.555166
 0.932563
 0.611993
 0.300184
 0.192425
 0.685539
 0.412581
 0.133336
 0.534332
 0.261524
 0.445882
 0.662593
 0.578272
 0.291985
 0.4362
 0.21401
 0.332508
 0.604589
 0.551831
 0.647993
 0.67413
 0.560233
 0.529305
 0.645683
 0.267056
 0.489003
 0.691017
 0.744306
 0.528891
 0.68128
 0.875021
 0.35926
 0.555034
 0.378767
 0.223943
 0.476541


# name: X
# type: matrix
# ndims: 3
 3 1 33
 1
 1
 1
 1
 1
 1
 1
 1
 1
 1
 1
 1
 1
 1
 1
 1
 1
 1
 1
 1
 1
 1
 1
 1
 1
 1
 1
 1
 1
 1
 1
 1
 1
 1
 1
 1
 1
 1
 1
 1
 1
 1
 1
 1
 1
 1
 1
 1
 1
 1
 1
 1
 1
 1
 1
 1
 1
 1
 1
 1
 1
 1
 1
 1
 1
 1
 1
 1
 1
 1
 1
 1
 1
 1
 1
 1
 1
 1
 1
 1
 1
 1
 1
 1
 1
 1
 1
 1
 1
 1
 1
 1
 1
 1
 1
 1
 1
 1
 1


# name: Y
# type: matrix
# ndims: 3
 3 1 33
 1
 2
 3
 1
 2
 3
 1
 2
 3
 1
 2
 3
 1
 2
 3
 1
 2
 3
 1
 2
 3
 1
 2
 3
 1
 2
 3
 1
 2
 3
 1
 2
 3
 1
 2
 3
 1
 2
 3
 1
 2
 3
 1
 2
 3
 1
 2
 3
 1
 2
 3
 1
 2
 3
 1
 2
 3
 1
 2
 3
 1
 2
 3
 1
 2
 3
 1
 2
 3
 1
 2
 3
 1
 2
 3
 1
 2
 3
 1
 2
 3
 1
 2
 3
 1
 2
 3
 1
 2
 3
 1
 2
 3
 1
 2
 3
 1
 2
 3


# name: Z
# type: matrix
# ndims: 3
 3 1 33
 1
 1
 1
 2
 2
 2
 3
 3
 3
 4
 4
 4
 5
 5
 5
 6
 6
 6
 7
 7
 7
 8
 8
 8
 9
 9
 9
 10
 10
 10
 11
 11
 11
 12
 12
 12
 13
 13
 13
 14
 14
 14
 15
 15
 15
 16
 16
 16
 17
 17
 17
 18
 18
 18
 19
 19
 19
 20
 20
 20
 21
 21
 21
 22
 22
 22
 23
 23
 23
 24
 24
 24
 25
 25
 25
 26
 26
 26
 27
 27
 27
 28
 28
 28
 29
 29
 29
 30
 30
 30
 31
 31
 31
 32
 32
 32
 33
 33
 33


# name: ans
# type: matrix
# rows: 1
# columns: 3
 1 3 33


# name: x
# type: scalar
1


# name: y
# type: range
# base, limit, increment
1 3 1


# name: z
# type: range
# base, limit, increment
1 33 1


