# Created by Octave 4.2.2, Mon May 28 17:34:33 2018 CEST <scrime@scrime-MacPro>
# name: A
# type: matrix
# rows: 43
# columns: 3
 0 0 0
 0 0 0
 0 0 0
 0 0 0
 0 0 0
 0 0 0
 0 0 0
 0 0 0
 0 0 0
 0 0 0
 0 0 0
 0.278191 0 0
 0.404727 0 0
 0.402521 0 0
 0.576879 0 0
 0.14885 0 0
 0.44602 0 0
 0.309194 1e-06 0.184309
 0.280971 0.444215 0.769495
 0.331247 0.026108 0.320254
 0.932563 0 0
 0.192425 0 0
 0.133336 0 0
 0.445882 0 0
 0.291985 0 0
 0.332508 0.293777 0.341124
 0.647993 0.002496 0.002625
 0.529305 0.521161 0.707189
 0.489003 0.005052 0.349412
 0.528891 0.239849 0.362238
 0.35926 0.001522 0.34886
 0.223943 0.233479 0.860507
 0.455853 0.252207 0.584952
 0.435107 0.360329 0.5050249999999999
 0.223914 0.32003 0.433739
 0.264003 0.203135 0.392414
 0.48713 0.409973 0.409833
 0.282217 0.414593 0.569022
 0.20436 0.152151 0.529923
 0.607962 0.174856 0.379086
 0.467714 0.386365 0.495833
 0.092447 0.243887 0.635189
 0.309267 0.002179 0.011178


# name: B
# type: matrix
# rows: 2
# columns: 3
 1 2 3
 1 2 3


# name: C
# type: matrix
# ndims: 3
 1 2 3
 0.5945346966103294
 0.07272252158110752
 0.4679927294146833
 0.4501997097004243
 0.9201524860304428
 0.3949267418685837


# name: D
# type: matrix
# ndims: 3
 2 5 6
 0.211574992605894
 0.5752691138965945
 0.9377950247309645
 0.8276878997909838
 0.1641576558721007
 0.6610336773093757
 0.6485824093688747
 0.5561317099604747
 0.369499514787831
 0.01252777478671578
 0.9228773270887826
 0.3034522468681962
 0.2612060830367586
 0.3683984863380925
 0.3064569795731732
 0.3849268498155232
 0.2861176373392211
 0.9260009136964034
 0.4063973759034205
 0.8817896372457147
 0.3087389160358484
 0.4271810831746211
 0.6875431179951376
 0.5637214412223653
 0.07971000227557816
 0.1414144517793466
 0.7975148725568868
 0.9904438827847004
 0.7502551601018494
 0.8365584216864059
 0.7694940075934947
 0.6648449341296075
 0.8118633945199956
 0.9915537373052694
 0.01556090365433642
 0.4082191037848487
 0.985227835157768
 0.182739711395831
 0.3535431070886866
 0.636786297463352
 0.8255389979774257
 0.03456780878995418
 0.6886707698674688
 0.6805480530030257
 0.6702324603429037
 0.4176277479928119
 0.1485878699993272
 0.1616751009081427
 0.5636831926335781
 0.7688135131411978
 0.9305108980710292
 0.3007728959198798
 0.06840505923646871
 0.8562347459063681
 0.8629919827338186
 0.6621304125182098
 0.9703158135985066
 0.9644718680383567
 0.4347213311725588
 0.1180774616140959


# name: ans
# type: matrix
# rows: 1
# columns: 3
 0.467714 0.386365 0.495833


# name: v
# type: matrix
# rows: 1
# columns: 74
 46 47 48 49 50 51 52 53 54 55 56 57 58 59 60 61 62 63 64 65 66 67 68 69 70 71 72 73 74 75 76 77 78 79 80 81 82 83 84 85 86 87 88 89 90 91 92 93 94 95 96 97 98 99 100 101 102 103 104 105 106 107 108 109 110 111 112 113 114 115 116 117 118 50


